lastAccountName: ItzAnu_
timestamps:
  login: 1630398592169
  logout: 1630398567737
  kits:
    godset: 1630308610423
  lastteleport: 1630398951757
ipAddress: 0:0:0:0:0:0:0:1
logoutlocation:
  world: world
  x: 161.36327114307414
  y: 69.0
  z: 1473.6095289070292
  yaw: 70.200714
  pitch: 32.39984
lastlocation:
  world: skywars
  x: 33.5
  y: 75.0
  z: -42.5
  yaw: 201.59984
  pitch: 26.699959
