lastAccountName: Hedar_Hgy2
timestamps:
  login: 1517505468352
  logout: 1517506437044
ipAddress: 37.238.144.42
logoutlocation:
  world: world
  x: 151.46295336310698
  y: 69.0
  z: 1477.490164991543
  yaw: 179.25009
  pitch: 1.3500096
