lastAccountName: 123adsa
timestamps:
  login: 1517519180854
  logout: 1517519229686
ipAddress: 92.251.107.212
logoutlocation:
  world: bedwars
  x: 5000.62786287592
  y: 100.0
  z: 1000.248847370319
  yaw: -135.30003
  pitch: -0.15000305
