lastAccountName: UzumakiYT
timestamps:
  login: 1517507605900
  lastteleport: 1517253559356
  logout: 1517507551117
  kits:
    recruit: 1517506815161
    noob: 1517506854170
ipAddress: 109.98.104.33
lastlocation:
  world: skypvp
  x: 72.30000001192093
  y: 48.0
  z: 120.27040286025566
  yaw: 182.84987
  pitch: -23.399937
logoutlocation:
  world: bedwars
  x: 5006.300000011921
  y: 100.0
  z: 989.3000000119209
  yaw: -39.000122
  pitch: 13.499936
