lastAccountName: Kurama92
timestamps:
  login: 1517686562036
  logout: 1517686910196
  kits:
    noob: 1517683824298
  lastteleport: 1517686641761
ipAddress: 109.98.104.33
logoutlocation:
  world: world
  x: 129.2681523030125
  y: 68.0155550727022
  z: 1464.18311479257
  yaw: -297.04803
  pitch: 29.799877
lastlocation:
  world: PAR72
  x: 2087.1870297954883
  y: 30.0625
  z: -454.12275706796584
  yaw: -43.899902
  pitch: 18.400011
