lastAccountName: DragonHaCcKker
timestamps:
  login: 1517505192877
  logout: 1517506234082
ipAddress: 46.243.21.228
logoutlocation:
  world: world
  x: 133.89429065443383
  y: 70.5
  z: 1482.6833463394166
  yaw: 207.1015
  pitch: 6.1045985
