lastAccountName: darkoster
timestamps:
  login: 1630658025565
  logout: 1630658975334
ipAddress: 0:0:0:0:0:0:0:1
logoutlocation:
  world: world
  x: 151.46295336310698
  y: 69.0
  z: 1477.490164991543
  yaw: 179.25009
  pitch: 1.3500096
