lastAccountName: NoScopeFTW_YT
timestamps:
  login: 1630565047594
  kits:
    noob: 1630564914179
  logout: 1630565223172
ipAddress: 127.0.0.1
logoutlocation:
  world: world
  x: 151.4527538618405
  y: 69.0
  z: 1474.1053535788496
  yaw: 210.15294
  pitch: 16.095596
