lastAccountName: fools9
timestamps:
  login: 1517262799323
  logout: 1517262787208
ipAddress: 74.183.98.50
logoutlocation:
  world: world
  x: 147.8894181135306
  y: 69.0
  z: 1474.4500186628718
  yaw: -64.91821
  pitch: 4.0122447
