lastAccountName: Itz_atharv
timestamps:
  login: 1630657847545
  logout: 1630657873890
ipAddress: 0:0:0:0:0:0:0:1
logoutlocation:
  world: world
  x: 144.44306817839012
  y: 69.0
  z: 1470.7671749320723
  yaw: -284.22513
  pitch: 2.067187
