lastAccountName: McLovin61
timestamps:
  login: 1517499732514
ipAddress: 127.0.0.1
logoutlocation:
  world: world
  x: 151.4821631303331
  y: 69.0
  z: 1477.0608529977478
  yaw: 182.70009
  pitch: -1.7999903
