lastAccountName: HinataYT
timestamps:
  login: 1517494953002
  lastteleport: 1517262962354
  logout: 1517494948582
ipAddress: 127.0.0.1
lastlocation:
  world: skywars
  x: -41.790519771784126
  y: 96.5
  z: 1971.109167671795
  yaw: -75.999466
  pitch: 19.71814
logoutlocation:
  world: skypvp
  x: 92.51286182330954
  y: 130.0
  z: 116.53771841874519
  yaw: 90.15002
  pitch: -1.7999616
