world: bedwars
x: 4983.500061563395
y: 125.0
z: 49.509355010614854
yaw: -1.3777466
pitch: 90.0
name: Airshow
