world: bedwars
x: 5580.542617651508
y: 120.0
z: 1248.419164095031
yaw: 88.80188
pitch: 0.58530855
name: Eastwood
