world: survival
x: 1184.3755827505252
y: 63.0
z: 9983.813612621634
yaw: 204.89392
pitch: 24.532076
name: exit
