world: bedwars
x: 5025.490666183519
y: 121.0
z: 664.4206227973074
yaw: -0.6602783
pitch: 90.0
name: Orchestra
