world: bedwars
x: 6015.443830514447
y: 118.0
z: 813.4621367329767
yaw: 181.5104
pitch: -3.3363943
name: Playground
