world: survival
x: 1000602.613580452
y: 81.0
z: 1.0000341477659276E7
yaw: 88.94562
pitch: 5.7820077
name: shop
