world: skypvp
x: 92.51286182330954
y: 130.0
z: 116.53771841874519
yaw: 90.15002
pitch: 1.2000383
name: skypvp
