world: bedwars
x: 5921.5
y: 87.0
z: 145.5
yaw: -90.106094
pitch: -0.43434814
name: Speedway
