world: bedwars
x: 5936.477248071578
y: 121.0
z: 2039.4636374344445
yaw: -359.70398
pitch: 5.84042
name: Stonekeep
