world: survival
x: 1000613.5113027182
y: 81.0
z: 1.0000341570617974E7
yaw: -89.64904
pitch: 3.683927
name: survival
