lastAccountName: NoScopeFTW
timestamps:
  login: 1630303295058
  logout: 1630303843312
ipAddress: 0:0:0:0:0:0:0:1
logoutlocation:
  world: Lobby
  x: 43.76645886635565
  y: 75.0
  z: 6.940815009799138
  yaw: 59.3012
  pitch: 5.0948677
