lastAccountName: ItzAnu_
timestamps:
  login: 1630303293369
  logout: 1630303845317
  lastteleport: 1630300839760
ipAddress: 127.0.0.1
logoutlocation:
  world: Lobby
  x: 37.6175761809409
  y: 75.0
  z: 12.49065891484229
  yaw: 301.135
  pitch: 27.449614
afk: false
lastlocation:
  world: Lobby
  x: 43.39773919839915
  y: 75.0
  z: 18.115252759552384
  yaw: 67.28145
  pitch: 11.038726
