lastAccountName: Gamingmenia
timestamps:
  login: 1630131946925
  logout: 1630133325257
ipAddress: 0:0:0:0:0:0:0:1
logoutlocation:
  world: Lobby
  x: 53.6133617058577
  y: 75.0
  z: -3.6744838377036957
  yaw: -222.0359
  pitch: 27.471462
