Arenas:
  default:
    world: kitbattle
    x: 887
    y: 96
    z: -3796
    yaw: 90.00008
    pitch: 1.499968
